    1, 0.0000 0.0000;
    2, 0.0000 -0.0383;
    3, 0.0000 -0.0767;
    4, 0.0000 -0.1150;
    5, 0.0000 -0.1534;
    6, 0.0000 -0.1919;
    7, 0.0000 -0.2303;
    8, 0.0000 -0.2688;
    9, 0.0000 -0.3073;
   10, 0.0000 -0.3459;
   11, 0.0000 -0.3845;
   12, 0.0000 -0.4231;
   13, 0.0000 -0.4617;
   14, 0.0000 -0.5003;
   15, 0.0000 -0.5390;
   16, 0.0000 -0.5777;
   17, 0.0000 -0.6165;
   18, 0.0000 -0.6552;
   19, 0.0000 -0.6940;
   20, 0.0000 -0.7329;
   21, 0.0000 -0.7717;
   22, 0.0000 -0.8106;
   23, 0.0000 -0.8495;
   24, 0.0000 -0.8884;
   25, 0.0000 -0.9274;
   26, 0.0000 -0.9664;
   27, 0.0000 -1.0054;
   28, 0.0000 -1.0444;
   29, 0.0000 -1.0835;
   30, 0.0000 -1.1226;
   31, 0.0000 -1.1617;
   32, 0.0000 -1.2009;
   33, 0.0000 -1.2401;
   34, 0.0000 -1.2793;
   35, 0.0000 -1.3185;
   36, 0.0000 -1.3578;
   37, 0.0000 -1.3971;
   38, 0.0000 -1.4364;
   39, 0.0000 -1.4757;
   40, 0.0000 -1.5151;
   41, 0.0000 -1.5545;
   42, 0.0000 -1.5939;
   43, 0.0000 -1.6333;
   44, 0.0000 -1.6728;
   45, 0.0000 -1.7123;
   46, 0.0000 -1.7518;
   47, 0.0000 -1.7914;
   48, 0.0000 -1.8310;
   49, 0.0000 -1.8705;
   50, 0.0000 -1.9102;
   51, 0.0000 -1.9498;
   52, 0.0000 -1.9895;
   53, 0.0000 -2.0292;
   54, 0.0000 -2.0689;
   55, 0.0000 -2.1086;
   56, 0.0000 -2.1484;
   57, 0.0000 -2.1882;
   58, 0.0000 -2.2280;
   59, 0.0000 -2.2678;
   60, 0.0000 -2.3077;
   61, 0.0000 -2.3476;
   62, 0.0000 -2.3875;
   63, 0.0000 -2.4274;
   64, 0.0000 -2.4673;
   65, 0.0000 -2.5073;
   66, 0.0000 -2.5473;
   67, 0.0000 -2.5873;
   68, 0.0000 -2.6273;
   69, 0.0000 -2.6673;
   70, 0.0000 -2.7074;
   71, 0.0000 -2.7475;
   72, 0.0000 -2.7876;
   73, 0.0000 -2.8277;
   74, 0.0000 -2.8678;
   75, 0.0000 -2.9079;
   76, 0.0000 -2.9481;
   77, 0.0000 -2.9883;
   78, 0.0000 -3.0284;
   79, 0.0000 -3.0686;
   80, 0.0000 -3.1089;
   81, 0.0000 -3.1491;
   82, 0.0000 -3.1893;
   83, 0.0000 -3.2296;
   84, 0.0000 -3.2698;
   85, 0.0000 -3.3101;
   86, 0.0000 -3.3504;
   87, 0.0000 -3.3907;
   88, 0.0000 -3.4309;
   89, 0.0000 -3.4712;
   90, 0.0000 -3.5116;
   91, 0.0000 -3.5519;
   92, 0.0000 -3.5922;
   93, 0.0000 -3.6325;
   94, 0.0000 -3.6728;
   95, 0.0000 -3.7132;
   96, 0.0000 -3.7535;
   97, 0.0000 -3.7938;
   98, 0.0000 -3.8341;
   99, 0.0000 -3.8745;
  100, 0.0000 -3.9148;
  101, 0.0000 -3.9551;
  102, 0.0000 -3.9954;
  103, 0.0000 -4.0357;
  104, 0.0000 -4.0761;
  105, 0.0000 -4.1164;
  106, 0.0000 -4.1566;
  107, 0.0000 -4.1969;
  108, 0.0000 -4.2372;
  109, 0.0000 -4.2775;
  110, 0.0000 -4.3177;
  111, 0.0000 -4.3579;
  112, 0.0000 -4.3981;
  113, 0.0000 -4.4383;
  114, 0.0000 -4.4785;
  115, 0.0000 -4.5187;
  116, 0.0000 -4.5588;
  117, 1.0000 3.9206;
  118, 0.0000 3.8804;
  119, 0.0000 3.8402;
  120, 0.0000 3.7999;
  121, 0.0000 3.7595;
  122, 0.0000 3.7191;
  123, 0.0000 3.6786;
  124, 0.0000 3.6380;
  125, 0.0000 3.5974;
  126, 0.0000 3.5567;
  127, 0.0000 3.5160;
  128, 0.0000 3.4752;
  129, 0.0000 3.4343;
  130, 0.0000 3.3934;
  131, 0.0000 3.3524;
  132, 0.0000 3.3113;
  133, 0.0000 3.2702;
  134, 0.0000 3.2291;
  135, 0.0000 3.1879;
  136, 0.0000 3.1466;
  137, 0.0000 3.1053;
  138, 0.0000 3.0639;
  139, 0.0000 3.0225;
  140, 0.0000 2.9810;
  141, 0.0000 2.9395;
  142, 0.0000 2.8980;
  143, 0.0000 2.8563;
  144, 0.0000 2.8147;
  145, 0.0000 2.7729;
  146, 0.0000 2.7312;
  147, 0.0000 2.6894;
  148, 0.0000 2.6475;
  149, 0.0000 2.6056;
  150, 0.0000 2.5637;
  151, 0.0000 2.5217;
  152, 0.0000 2.4796;
  153, 0.0000 2.4376;
  154, 0.0000 2.3954;
  155, 0.0000 2.3533;
  156, 0.0000 2.3111;
  157, 0.0000 2.2688;
  158, 0.0000 2.2265;
  159, 0.0000 2.1842;
  160, 0.0000 2.1418;
  161, 0.0000 2.0994;
  162, 0.0000 2.0570;
  163, 0.0000 2.0145;
  164, 0.0000 1.9720;
  165, 0.0000 1.9294;
  166, 0.0000 1.8868;
  167, 0.0000 1.8442;
  168, 0.0000 1.8015;
  169, 0.0000 1.7588;
  170, 0.0000 1.7160;
  171, 0.0000 1.6732;
  172, 0.0000 1.6304;
  173, 0.0000 1.5876;
  174, 0.0000 1.5447;
  175, 0.0000 1.5017;
  176, 0.0000 1.4588;
  177, 0.0000 1.4158;
  178, 0.0000 1.3728;
  179, 0.0000 1.3297;
  180, 0.0000 1.2866;
  181, 0.0000 1.2435;
  182, 0.0000 1.2003;
  183, 0.0000 1.1571;
  184, 0.0000 1.1139;
  185, 0.0000 1.0706;
  186, 0.0000 1.0273;
  187, 0.0000 0.9840;
  188, 0.0000 0.9406;
  189, 0.0000 0.8972;
  190, 0.0000 0.8538;
  191, 0.0000 0.8104;
  192, 0.0000 0.7669;
  193, 0.0000 0.7234;
  194, 0.0000 0.6798;
  195, 0.0000 0.6363;
  196, 0.0000 0.5927;
  197, 0.0000 0.5490;
  198, 0.0000 0.5054;
  199, 0.0000 0.4617;
  200, 0.0000 0.4179;
  201, 0.0000 0.3742;
  202, 0.0000 0.3304;
  203, 0.0000 0.2866;
  204, 0.0000 0.2427;
  205, 0.0000 0.1989;
  206, 0.0000 0.1550;
  207, 0.0000 0.1111;
  208, 0.0000 0.0671;
  209, 0.0000 0.0231;
  210, 0.0000 -0.0209;
  211, 0.0000 -0.0649;
  212, 0.0000 -0.1090;
  213, 0.0000 -0.1531;
  214, 0.0000 -0.1972;
  215, 0.0000 -0.2414;
  216, 0.0000 -0.2855;
  217, 0.0000 -0.3297;
  218, 0.0000 -0.3740;
  219, 0.0000 -0.4182;
  220, 0.0000 -0.4625;
  221, 0.0000 -0.5068;
  222, 0.0000 -0.5511;
  223, 0.0000 -0.5955;
  224, 0.0000 -0.6399;
  225, 0.0000 -0.6843;
  226, 0.0000 -0.7287;
  227, 0.0000 -0.7732;
  228, 0.0000 -0.8177;
  229, 0.0000 -0.8622;
  230, 0.0000 -0.9067;
  231, 0.0000 -0.9513;
  232, 0.0000 -0.9959;
  233, 0.0000 -1.0405;
  234, 0.0000 -1.0851;
  235, 0.0000 -1.1298;
  236, 0.0000 -1.1745;
  237, 0.0000 -1.2192;
  238, 0.0000 -1.2639;
  239, 0.0000 -1.3086;
  240, 0.0000 -1.3534;
  241, 0.0000 -1.3982;
  242, 0.0000 -1.4430;
  243, 0.0000 -1.4878;
  244, 0.0000 -1.5327;
  245, 0.0000 -1.5776;
  246, 0.0000 -1.6225;
  247, 0.0000 -1.6674;
  248, 0.0000 -1.7123;
  249, 0.0000 -1.7573;
  250, 0.0000 -1.8023;
  251, 0.0000 -1.8472;
  252, 0.0000 -1.8923;
  253, 0.0000 -1.9373;
  254, 0.0000 -1.9823;
  255, 0.0000 -2.0274;
  256, 0.0000 -2.0725;
  257, 0.0000 -2.1176;
  258, 0.0000 -2.1627;
  259, 0.0000 -2.2078;
  260, 0.0000 -2.2529;
  261, 0.0000 -2.2981;
  262, 0.0000 -2.3433;
  263, 0.0000 -2.3884;
  264, 0.0000 -2.4336;
  265, 0.0000 -2.4788;
  266, 0.0000 -2.5241;
  267, 0.0000 -2.5693;
  268, 0.0000 -2.6145;
  269, 0.0000 -2.6598;
  270, 0.0000 -2.7050;
  271, 0.0000 -2.7503;
  272, 0.0000 -2.7955;
  273, 0.0000 -2.8408;
  274, 0.0000 -2.8861;
  275, 0.0000 -2.9314;
  276, 0.0000 -2.9767;
  277, 0.0000 -3.0220;
  278, 0.0000 -3.0673;
  279, 0.0000 -3.1126;
  280, 0.0000 -3.1579;
  281, 0.0000 -3.2032;
  282, 0.0000 -3.2485;
  283, 0.0000 -3.2938;
  284, 0.0000 -3.3390;
  285, 0.0000 -3.3843;
  286, 0.0000 -3.4296;
  287, 0.0000 -3.4749;
  288, 0.0000 -3.5202;
  289, 0.0000 -3.5654;
  290, 0.0000 -3.6107;
  291, 0.0000 -3.6560;
  292, 0.0000 -3.7012;
  293, 0.0000 -3.7464;
  294, 0.0000 -3.7916;
  295, 0.0000 -3.8368;
  296, 0.0000 -3.8820;
  297, 0.0000 -3.9272;
  298, 0.0000 -3.9723;
  299, 0.0000 -4.0175;
  300, 0.0000 -4.0626;
  301, 1.0000 3.4938;
  302, 0.0000 3.4487;
  303, 0.0000 3.4034;
  304, 0.0000 3.3582;
  305, 0.0000 3.3128;
  306, 0.0000 3.2674;
  307, 0.0000 3.2219;
  308, 0.0000 3.1764;
  309, 0.0000 3.1308;
  310, 0.0000 3.0851;
  311, 0.0000 3.0394;
  312, 0.0000 2.9936;
  313, 0.0000 2.9478;
  314, 0.0000 2.9019;
  315, 0.0000 2.8559;
  316, 0.0000 2.8099;
  317, 0.0000 2.7638;
  318, 0.0000 2.7177;
  319, 0.0000 2.6715;
  320, 0.0000 2.6253;
  321, 0.0000 2.5790;
  322, 0.0000 2.5327;
  323, 0.0000 2.4863;
  324, 0.0000 2.4398;
  325, 0.0000 2.3933;
  326, 0.0000 2.3468;
  327, 0.0000 2.3002;
  328, 0.0000 2.2536;
  329, 0.0000 2.2069;
  330, 0.0000 2.1602;
  331, 0.0000 2.1134;
  332, 0.0000 2.0666;
  333, 0.0000 2.0197;
  334, 0.0000 1.9728;
  335, 0.0000 1.9258;
  336, 0.0000 1.8788;
  337, 0.0000 1.8318;
  338, 0.0000 1.7847;
  339, 0.0000 1.7376;
  340, 0.0000 1.6904;
  341, 0.0000 1.6432;
  342, 0.0000 1.5960;
  343, 0.0000 1.5487;
  344, 0.0000 1.5014;
  345, 0.0000 1.4540;
  346, 0.0000 1.4066;
  347, 0.0000 1.3592;
  348, 0.0000 1.3117;
  349, 0.0000 1.2642;
  350, 0.0000 1.2167;
  351, 0.0000 1.1691;
  352, 0.0000 1.1215;
  353, 0.0000 1.0738;
  354, 0.0000 1.0261;
  355, 0.0000 0.9784;
  356, 0.0000 0.9306;
  357, 0.0000 0.8828;
  358, 0.0000 0.8350;
  359, 0.0000 0.7871;
  360, 0.0000 0.7392;
  361, 0.0000 0.6913;
  362, 0.0000 0.6434;
  363, 0.0000 0.5954;
  364, 0.0000 0.5473;
  365, 0.0000 0.4993;
  366, 0.0000 0.4512;
  367, 0.0000 0.4031;
  368, 0.0000 0.3549;
  369, 0.0000 0.3068;
  370, 0.0000 0.2586;
  371, 0.0000 0.2103;
  372, 0.0000 0.1621;
  373, 0.0000 0.1138;
  374, 0.0000 0.0654;
  375, 0.0000 0.0171;
  376, 0.0000 -0.0313;
  377, 0.0000 -0.0797;
  378, 0.0000 -0.1281;
  379, 0.0000 -0.1766;
  380, 0.0000 -0.2251;
  381, 0.0000 -0.2736;
  382, 0.0000 -0.3221;
  383, 0.0000 -0.3707;
  384, 0.0000 -0.4193;
  385, 0.0000 -0.4679;
  386, 0.0000 -0.5165;
  387, 0.0000 -0.5652;
  388, 0.0000 -0.6139;
  389, 0.0000 -0.6626;
  390, 0.0000 -0.7113;
  391, 0.0000 -0.7601;
  392, 0.0000 -0.8089;
  393, 0.0000 -0.8577;
  394, 0.0000 -0.9065;
  395, 0.0000 -0.9553;
  396, 0.0000 -1.0042;
  397, 0.0000 -1.0531;
  398, 0.0000 -1.1020;
  399, 0.0000 -1.1509;
  400, 0.0000 -1.1999;
  401, 0.0000 -1.2488;
  402, 0.0000 -1.2978;
  403, 0.0000 -1.3468;
  404, 0.0000 -1.3959;
  405, 0.0000 -1.4449;
  406, 0.0000 -1.4940;
  407, 0.0000 -1.5430;
  408, 0.0000 -1.5921;
  409, 0.0000 -1.6412;
  410, 0.0000 -1.6903;
  411, 0.0000 -1.7395;
  412, 0.0000 -1.7886;
  413, 0.0000 -1.8378;
  414, 0.0000 -1.8869;
  415, 0.0000 -1.9361;
  416, 0.0000 -1.9853;
  417, 0.0000 -2.0345;
  418, 0.0000 -2.0837;
  419, 0.0000 -2.1330;
  420, 0.0000 -2.1822;
  421, 0.0000 -2.2314;
  422, 0.0000 -2.2807;
  423, 0.0000 -2.3299;
  424, 0.0000 -2.3792;
  425, 0.0000 -2.4285;
  426, 0.0000 -2.4777;
  427, 0.0000 -2.5270;
  428, 0.0000 -2.5763;
  429, 0.0000 -2.6256;
  430, 0.0000 -2.6749;
  431, 0.0000 -2.7241;
  432, 0.0000 -2.7734;
  433, 0.0000 -2.8227;
  434, 0.0000 -2.8720;
  435, 0.0000 -2.9212;
  436, 0.0000 -2.9705;
  437, 0.0000 -3.0198;
  438, 0.0000 -3.0690;
  439, 0.0000 -3.1183;
  440, 0.0000 -3.1675;
  441, 0.0000 -3.2167;
  442, 0.0000 -3.2660;
  443, 0.0000 -3.3152;
  444, 0.0000 -3.3644;
  445, 0.0000 -3.4135;
  446, 0.0000 -3.4627;
  447, 0.0000 -3.5119;
  448, 0.0000 -3.5610;
  449, 1.0000 3.0624;
  450, 0.0000 3.0133;
  451, 0.0000 2.9641;
  452, 0.0000 2.9148;
  453, 0.0000 2.8655;
  454, 0.0000 2.8161;
  455, 0.0000 2.7666;
  456, 0.0000 2.7170;
  457, 0.0000 2.6675;
  458, 0.0000 2.6178;
  459, 0.0000 2.5681;
  460, 0.0000 2.5183;
  461, 0.0000 2.4685;
  462, 0.0000 2.4186;
  463, 0.0000 2.3687;
  464, 0.0000 2.3187;
  465, 0.0000 2.2687;
  466, 0.0000 2.2186;
  467, 0.0000 2.1684;
  468, 0.0000 2.1182;
  469, 0.0000 2.0680;
  470, 0.0000 2.0177;
  471, 0.0000 1.9673;
  472, 0.0000 1.9169;
  473, 0.0000 1.8665;
  474, 0.0000 1.8160;
  475, 0.0000 1.7654;
  476, 0.0000 1.7149;
  477, 0.0000 1.6642;
  478, 0.0000 1.6136;
  479, 0.0000 1.5628;
  480, 0.0000 1.5121;
  481, 0.0000 1.4613;
  482, 0.0000 1.4104;
  483, 0.0000 1.3596;
  484, 0.0000 1.3086;
  485, 0.0000 1.2577;
  486, 0.0000 1.2067;
  487, 0.0000 1.1556;
  488, 0.0000 1.1045;
  489, 0.0000 1.0534;
  490, 0.0000 1.0023;
  491, 0.0000 0.9511;
  492, 0.0000 0.8998;
  493, 0.0000 0.8486;
  494, 0.0000 0.7973;
  495, 0.0000 0.7459;
  496, 0.0000 0.6946;
  497, 0.0000 0.6432;
  498, 0.0000 0.5917;
  499, 0.0000 0.5403;
  500, 0.0000 0.4888;
  501, 0.0000 0.4372;
  502, 0.0000 0.4271;
  503, 0.0000 0.4169;
  504, 0.0000 0.4068;
  505, 0.0000 0.3966;
  506, 0.0000 0.3865;
  507, 0.0000 0.3763;
  508, 0.0000 0.3662;
  509, 0.0000 0.3561;
  510, 0.0000 0.3459;
  511, 0.0000 0.3357;
  512, 0.0000 0.3256;
  513, 0.0000 0.3154;
  514, 0.0000 0.3053;
  515, 0.0000 0.2951;
  516, 0.0000 0.2850;
  517, 0.0000 0.2748;
  518, 0.0000 0.2647;
  519, 0.0000 0.2545;
  520, 0.0000 0.2444;
  521, 0.0000 0.2342;
  522, 0.0000 0.2241;
  523, 0.0000 0.2139;
  524, 0.0000 0.2037;
  525, 0.0000 0.1936;
  526, 0.0000 0.1834;
  527, 0.0000 0.1733;
  528, 0.0000 0.1631;
  529, 0.0000 0.1530;
  530, 0.0000 0.1428;
  531, 0.0000 0.1326;
  532, 0.0000 0.1225;
  533, 0.0000 0.1123;
  534, 0.0000 0.1022;
  535, 0.0000 0.0920;
  536, 0.0000 0.0818;
  537, 0.0000 0.0717;
  538, 0.0000 0.0615;
  539, 0.0000 0.0514;
  540, 0.0000 0.0412;
  541, 0.0000 0.0310;
  542, 0.0000 0.0209;
  543, 0.0000 0.0107;
  544, 0.0000 0.0006;
  545, 0.0000 -0.0096;
  546, 0.0000 -0.0198;
  547, 0.0000 -0.0299;
  548, 0.0000 -0.0401;
  549, 0.0000 -0.0502;
  550, 0.0000 -0.0604;
  551, 0.0000 -0.0706;
  552, 0.0000 -0.0807;
  553, 0.0000 -0.0909;
  554, 0.0000 -0.1010;
  555, 0.0000 -0.1112;
  556, 0.0000 -0.1214;
  557, 0.0000 -0.1315;
  558, 0.0000 -0.1417;
  559, 0.0000 -0.1518;
  560, 0.0000 -0.1620;
  561, 0.0000 -0.1722;
  562, 0.0000 -0.1823;
  563, 0.0000 -0.1925;
  564, 0.0000 -0.2026;
  565, 0.0000 -0.2128;
  566, 0.0000 -0.2229;
  567, 0.0000 -0.2331;
  568, 0.0000 -0.2433;
  569, 0.0000 -0.2534;
  570, 0.0000 -0.2636;
  571, 0.0000 -0.2737;
  572, 0.0000 -0.2839;
  573, 0.0000 -0.2940;
  574, 0.0000 -0.3042;
  575, 0.0000 -0.3143;
  576, 0.0000 -0.3245;
  577, 0.0000 -0.3346;
  578, 0.0000 -0.3448;
  579, 0.0000 -0.3549;
  580, 0.0000 -0.3651;
  581, 0.0000 -0.3752;
  582, 0.0000 -0.3854;
  583, 0.0000 -0.3955;
  584, 0.0000 -0.4057;
  585, 0.0000 -0.4158;
  586, 0.0000 -0.4260;
  587, 0.0000 -0.4361;
  588, 0.0000 -0.4463;
  589, 0.0000 -0.4564;
  590, 0.0000 -0.4665;
  591, 0.0000 -0.4767;
  592, 0.0000 -0.4868;
  593, 0.0000 -0.4970;
  594, 0.0000 -0.5071;
  595, 0.0000 -0.5172;
  596, 0.0000 -0.5274;
  597, 0.0000 -0.5375;
  598, 0.0000 -0.5477;
  599, 0.0000 -0.5578;
  600, 0.0000 -0.5679;
  601, 0.0000 -0.5781;
  602, 0.0000 -0.5882;
  603, 0.0000 -0.5983;
  604, 0.0000 -0.6084;
  605, 0.0000 -0.6186;
  606, 0.0000 -0.6287;
  607, 0.0000 -0.6388;
  608, 0.0000 -0.6489;
  609, 0.0000 -0.6591;
  610, 0.0000 -0.6692;
  611, 0.0000 -0.6793;
  612, 0.0000 -0.6894;
  613, 0.0000 -0.6996;
  614, 0.0000 -0.7097;
  615, 0.0000 -0.7198;
  616, 0.0000 -0.7299;
  617, 0.0000 -0.7400;
  618, 0.0000 -0.7501;
  619, 0.0000 -0.7602;
  620, 0.0000 -0.7703;
  621, 0.0000 -0.7804;
  622, 0.0000 -0.7906;
  623, 0.0000 -0.8007;
  624, 0.0000 -0.8108;
  625, 0.0000 -0.8209;
  626, 0.0000 -0.8310;
  627, 0.0000 -0.8411;
  628, 0.0000 -0.8512;
  629, 0.0000 -0.8612;
  630, 0.0000 -0.8713;
  631, 0.0000 -0.8814;
  632, 0.0000 -0.8915;
  633, 0.0000 -0.9016;
  634, 0.0000 -0.9117;
  635, 0.0000 -0.9218;
  636, 0.0000 -0.9319;
  637, 0.0000 -0.9419;
  638, 0.0000 -0.9520;
  639, 0.0000 -0.9621;
  640, 0.0000 -0.9722;
  641, 0.0000 -0.9822;
  642, 0.0000 -0.9923;
  643, 0.0000 -1.0024;
  644, 0.0000 -1.0124;
  645, 0.0000 -1.0225;
  646, 0.0000 -1.0326;
  647, 0.0000 -1.0426;
  648, 0.0000 -1.0527;
  649, 0.0000 -1.0627;
  650, 0.0000 -1.0728;
  651, 0.0000 -1.0828;
  652, 0.0000 -1.0929;
  653, 0.0000 -1.1029;
  654, 0.0000 -1.1129;
  655, 0.0000 -1.1230;
  656, 0.0000 -1.1330;
  657, 0.0000 -1.1431;
  658, 0.0000 -1.1531;
  659, 0.0000 -1.1631;
  660, 0.0000 -1.1731;
  661, 0.0000 -1.1832;
  662, 0.0000 -1.1932;
  663, 0.0000 -1.2032;
  664, 0.0000 -1.2132;
  665, 0.0000 -1.2232;
  666, 0.0000 -1.2332;
  667, 0.0000 -1.2432;
  668, 0.0000 -1.2532;
  669, 0.0000 -1.2632;
  670, 0.0000 -1.2732;
  671, 0.0000 -1.2832;
  672, 0.0000 -1.2932;
  673, 0.0000 -1.3032;
  674, 0.0000 -1.3132;
  675, 0.0000 -1.3232;
  676, 0.0000 -1.3332;
  677, 0.0000 -1.3431;
  678, 0.0000 -1.3531;
  679, 0.0000 -1.3631;
  680, 0.0000 -1.3730;
  681, 0.0000 -1.3830;
  682, 0.0000 -1.3929;
  683, 0.0000 -1.4029;
  684, 0.0000 -1.4128;
  685, 0.0000 -1.4228;
  686, 1.0000 1.2236;
  687, 0.0000 1.2137;
  688, 0.0000 1.2037;
  689, 0.0000 1.1938;
  690, 0.0000 1.1838;
  691, 0.0000 1.1738;
  692, 0.0000 1.1639;
  693, 0.0000 1.1539;
  694, 0.0000 1.1440;
  695, 0.0000 1.1340;
  696, 0.0000 1.1240;
  697, 0.0000 1.1140;
  698, 0.0000 1.1041;
  699, 0.0000 1.0941;
  700, 0.0000 1.0841;
  701, 0.0000 1.0741;
  702, 0.0000 1.0641;
  703, 0.0000 1.0541;
  704, 0.0000 1.0441;
  705, 0.0000 1.0342;
  706, 0.0000 1.0242;
  707, 0.0000 1.0142;
  708, 0.0000 1.0042;
  709, 0.0000 0.9941;
  710, 0.0000 0.9841;
  711, 0.0000 0.9741;
  712, 0.0000 0.9641;
  713, 0.0000 0.9541;
  714, 0.0000 0.9441;
  715, 0.0000 0.9341;
  716, 0.0000 0.9240;
  717, 0.0000 0.9140;
  718, 0.0000 0.9040;
  719, 0.0000 0.8940;
  720, 0.0000 0.8839;
  721, 0.0000 0.8739;
  722, 0.0000 0.8639;
  723, 0.0000 0.8538;
  724, 0.0000 0.8438;
  725, 0.0000 0.8338;
  726, 0.0000 0.8237;
  727, 0.0000 0.8137;
  728, 0.0000 0.8036;
  729, 0.0000 0.7936;
  730, 0.0000 0.7835;
  731, 0.0000 0.7735;
  732, 0.0000 0.7634;
  733, 0.0000 0.7534;
  734, 0.0000 0.7433;
  735, 0.0000 0.7333;
  736, 0.0000 0.7232;
  737, 0.0000 0.7131;
  738, 0.0000 0.7031;
  739, 0.0000 0.6930;
  740, 0.0000 0.6829;
  741, 0.0000 0.6729;
  742, 0.0000 0.6628;
  743, 0.0000 0.6527;
  744, 0.0000 0.6427;
  745, 0.0000 0.6326;
  746, 0.0000 0.6225;
  747, 0.0000 0.6124;
  748, 0.0000 0.6024;
  749, 0.0000 0.5923;
  750, 0.0000 0.5822;
  751, 0.0000 0.5721;
  752, 0.0000 0.5620;
  753, 0.0000 0.5520;
  754, 0.0000 0.5419;
  755, 0.0000 0.5318;
  756, 0.0000 0.5217;
  757, 0.0000 0.5116;
  758, 0.0000 0.5015;
  759, 0.0000 0.4914;
  760, 0.0000 0.4814;
  761, 0.0000 0.4713;
  762, 0.0000 0.4612;
  763, 0.0000 0.4511;
  764, 0.0000 0.4410;
  765, 0.0000 0.4309;
  766, 0.0000 0.4208;
  767, 0.0000 0.4107;
  768, 0.0000 0.4006;
  769, 0.0000 0.3905;
  770, 0.0000 0.3804;
  771, 0.0000 0.3703;
  772, 0.0000 0.3602;
  773, 0.0000 0.3501;
  774, 0.0000 0.3400;
  775, 0.0000 0.3299;
  776, 0.0000 0.3198;
  777, 0.0000 0.3097;
  778, 0.0000 0.2996;
  779, 0.0000 0.2895;
  780, 0.0000 0.2794;
  781, 0.0000 0.2693;
  782, 0.0000 0.2592;
  783, 0.0000 0.2491;
  784, 0.0000 0.2389;
  785, 0.0000 0.2288;
  786, 0.0000 0.2187;
  787, 0.0000 0.2086;
  788, 0.0000 0.1985;
  789, 0.0000 0.1884;
  790, 0.0000 0.1783;
  791, 0.0000 0.1682;
  792, 0.0000 0.1581;
  793, 0.0000 0.1480;
  794, 0.0000 0.1378;
  795, 0.0000 0.1277;
  796, 0.0000 0.1176;
  797, 0.0000 0.1075;
  798, 0.0000 0.0974;
  799, 0.0000 0.0873;
  800, 0.0000 0.0772;
  801, 0.0000 0.0671;
  802, 0.0000 0.0569;
  803, 0.0000 0.0468;
  804, 0.0000 0.0367;
  805, 0.0000 0.0266;
  806, 0.0000 0.0165;
  807, 0.0000 0.0064;
  808, 0.0000 -0.0037;
  809, 0.0000 -0.0138;
  810, 0.0000 -0.0240;
  811, 0.0000 -0.0341;
  812, 0.0000 -0.0442;
  813, 0.0000 -0.0543;
  814, 0.0000 -0.0644;
  815, 0.0000 -0.0745;
  816, 0.0000 -0.0846;
  817, 0.0000 -0.0947;
  818, 0.0000 -0.1049;
  819, 0.0000 -0.1150;
  820, 0.0000 -0.1251;
  821, 0.0000 -0.1352;
  822, 0.0000 -0.1453;
  823, 0.0000 -0.1554;
  824, 0.0000 -0.1655;
  825, 0.0000 -0.1756;
  826, 0.0000 -0.1858;
  827, 0.0000 -0.1959;
  828, 0.0000 -0.2060;
  829, 0.0000 -0.2161;
  830, 0.0000 -0.2262;
  831, 0.0000 -0.2363;
  832, 0.0000 -0.2464;
  833, 0.0000 -0.2565;
  834, 0.0000 -0.2666;
  835, 0.0000 -0.2767;
  836, 0.0000 -0.2868;
  837, 0.0000 -0.2969;
  838, 0.0000 -0.3070;
  839, 0.0000 -0.3171;
  840, 0.0000 -0.3272;
  841, 0.0000 -0.3374;
  842, 0.0000 -0.3475;
  843, 0.0000 -0.3576;
  844, 0.0000 -0.3677;
  845, 0.0000 -0.3778;
  846, 0.0000 -0.3879;
  847, 0.0000 -0.3980;
  848, 0.0000 -0.4081;
  849, 0.0000 -0.4181;
  850, 0.0000 -0.4282;
  851, 0.0000 -0.4383;
  852, 0.0000 -0.4484;
  853, 0.0000 -0.4585;
  854, 0.0000 -0.4686;
  855, 0.0000 -0.4787;
  856, 0.0000 -0.4888;
  857, 0.0000 -0.4989;
  858, 0.0000 -0.5090;
  859, 0.0000 -0.5191;
  860, 0.0000 -0.5292;
  861, 0.0000 -0.5392;
  862, 0.0000 -0.5493;
  863, 0.0000 -0.5594;
  864, 0.0000 -0.5695;
  865, 0.0000 -0.5796;
  866, 0.0000 -0.5896;
  867, 0.0000 -0.5997;
  868, 0.0000 -0.6098;
  869, 0.0000 -0.6199;
  870, 0.0000 -0.6300;
  871, 0.0000 -0.6400;
  872, 0.0000 -0.6501;
  873, 0.0000 -0.6602;
  874, 0.0000 -0.6702;
  875, 0.0000 -0.6803;
  876, 0.0000 -0.6904;
  877, 0.0000 -0.7004;
  878, 0.0000 -0.7105;
  879, 0.0000 -0.7206;
  880, 0.0000 -0.7306;
  881, 0.0000 -0.7407;
  882, 0.0000 -0.7507;
  883, 0.0000 -0.7608;
  884, 0.0000 -0.7708;
  885, 0.0000 -0.7809;
  886, 0.0000 -0.7909;
  887, 0.0000 -0.8010;
  888, 0.0000 -0.8110;
  889, 0.0000 -0.8211;
  890, 0.0000 -0.8311;
  891, 0.0000 -0.8412;
  892, 0.0000 -0.8512;
  893, 0.0000 -0.8612;
  894, 0.0000 -0.8713;
  895, 0.0000 -0.8813;
  896, 0.0000 -0.8913;
  897, 0.0000 -0.9014;
  898, 0.0000 -0.9114;
  899, 0.0000 -0.9214;
  900, 0.0000 -0.9314;
  901, 0.0000 -0.9415;
  902, 0.0000 -0.9515;
  903, 0.0000 -0.9615;
  904, 0.0000 -0.9715;
  905, 0.0000 -0.9815;
  906, 0.0000 -0.9915;
  907, 0.0000 -1.0015;
  908, 0.0000 -1.0115;
  909, 0.0000 -1.0215;
  910, 0.0000 -1.0315;
  911, 0.0000 -1.0415;
  912, 0.0000 -1.0515;
  913, 0.0000 -1.0615;
  914, 0.0000 -1.0715;
  915, 0.0000 -1.0815;
  916, 0.0000 -1.0915;
  917, 0.0000 -1.1015;
  918, 0.0000 -1.1114;
  919, 0.0000 -1.1214;
  920, 0.0000 -1.1314;
  921, 0.0000 -1.1413;
  922, 0.0000 -1.1513;
  923, 0.0000 -1.1613;
  924, 0.0000 -1.1712;
  925, 0.0000 -1.1812;
  926, 0.0000 -1.1911;
  927, 0.0000 -1.2011;
  928, 0.0000 -1.2110;
  929, 0.0000 -1.2210;
  930, 1.0000 1.0501;
  931, 0.0000 1.0401;
  932, 0.0000 1.0302;
  933, 0.0000 1.0202;
  934, 0.0000 1.0103;
  935, 0.0000 1.0003;
  936, 0.0000 0.9904;
  937, 0.0000 0.9804;
  938, 0.0000 0.9704;
  939, 0.0000 0.9605;
  940, 0.0000 0.9505;
  941, 0.0000 0.9405;
  942, 0.0000 0.9306;
  943, 0.0000 0.9206;
  944, 0.0000 0.9106;
  945, 0.0000 0.9006;
  946, 0.0000 0.8906;
  947, 0.0000 0.8807;
  948, 0.0000 0.8707;
  949, 0.0000 0.8607;
  950, 0.0000 0.8507;
  951, 0.0000 0.8407;
  952, 0.0000 0.8307;
  953, 0.0000 0.8207;
  954, 0.0000 0.8107;
  955, 0.0000 0.8007;
  956, 0.0000 0.7907;
  957, 0.0000 0.7807;
  958, 0.0000 0.7707;
  959, 0.0000 0.7607;
  960, 0.0000 0.7507;
  961, 0.0000 0.7407;
  962, 0.0000 0.7307;
  963, 0.0000 0.7207;
  964, 0.0000 0.7106;
  965, 0.0000 0.7006;
  966, 0.0000 0.6906;
  967, 0.0000 0.6806;
  968, 0.0000 0.6706;
  969, 0.0000 0.6605;
  970, 0.0000 0.6505;
  971, 0.0000 0.6405;
  972, 0.0000 0.6304;
  973, 0.0000 0.6204;
  974, 0.0000 0.6104;
  975, 0.0000 0.6003;
  976, 0.0000 0.5903;
  977, 0.0000 0.5803;
  978, 0.0000 0.5702;
  979, 0.0000 0.5602;
  980, 0.0000 0.5502;
  981, 0.0000 0.5401;
  982, 0.0000 0.5301;
  983, 0.0000 0.5200;
  984, 0.0000 0.5100;
  985, 0.0000 0.4999;
  986, 0.0000 0.4899;
  987, 0.0000 0.4798;
  988, 0.0000 0.4698;
  989, 0.0000 0.4597;
  990, 0.0000 0.4497;
  991, 0.0000 0.4396;
  992, 0.0000 0.4296;
  993, 0.0000 0.4195;
  994, 0.0000 0.4095;
  995, 0.0000 0.3994;
  996, 0.0000 0.3894;
  997, 0.0000 0.3793;
  998, 0.0000 0.3692;
  999, 0.0000 0.3592;
 1000, 0.0000 0.3491;
 1001, 0.0000 0.3391;
 1002, 0.0000 0.3290;
 1003, 0.0000 0.3189;
 1004, 0.0000 0.3089;
 1005, 0.0000 0.2988;
 1006, 0.0000 0.2887;
 1007, 0.0000 0.2787;
 1008, 0.0000 0.2686;
 1009, 0.0000 0.2585;
 1010, 0.0000 0.2485;
 1011, 0.0000 0.2384;
 1012, 0.0000 0.2283;
 1013, 0.0000 0.2183;
 1014, 0.0000 0.2082;
 1015, 0.0000 0.1981;
 1016, 0.0000 0.1881;
 1017, 0.0000 0.1780;
 1018, 0.0000 0.1679;
 1019, 0.0000 0.1579;
 1020, 0.0000 0.1478;
 1021, 0.0000 0.1377;
 1022, 0.0000 0.1276;
 1023, 0.0000 0.1176;
 1024, 0.0000 0.1075;
 1025, 0.0000 0.0974;
 1026, 0.0000 0.0874;
 1027, 0.0000 0.0773;
 1028, 0.0000 0.0672;
 1029, 0.0000 0.0571;
 1030, 0.0000 0.0471;
 1031, 0.0000 0.0370;
 1032, 0.0000 0.0269;
 1033, 0.0000 0.0168;
 1034, 0.0000 0.0068;
 1035, 0.0000 -0.0033;
 1036, 0.0000 -0.0134;
 1037, 0.0000 -0.0235;
 1038, 0.0000 -0.0335;
 1039, 0.0000 -0.0436;
 1040, 0.0000 -0.0537;
 1041, 0.0000 -0.0638;
 1042, 0.0000 -0.0738;
 1043, 0.0000 -0.0839;
 1044, 0.0000 -0.0940;
 1045, 0.0000 -0.1040;
 1046, 0.0000 -0.1141;
 1047, 0.0000 -0.1242;
 1048, 0.0000 -0.1343;
 1049, 0.0000 -0.1443;
 1050, 0.0000 -0.1544;
 1051, 0.0000 -0.1645;
 1052, 0.0000 -0.1745;
 1053, 0.0000 -0.1846;
 1054, 0.0000 -0.1947;
 1055, 0.0000 -0.2048;
 1056, 0.0000 -0.2148;
 1057, 0.0000 -0.2249;
 1058, 0.0000 -0.2350;
 1059, 0.0000 -0.2450;
 1060, 0.0000 -0.2551;
 1061, 0.0000 -0.2652;
 1062, 0.0000 -0.2752;
 1063, 0.0000 -0.2853;
 1064, 0.0000 -0.2954;
 1065, 0.0000 -0.3054;
 1066, 0.0000 -0.3155;
 1067, 0.0000 -0.3256;
 1068, 0.0000 -0.3356;
 1069, 0.0000 -0.3457;
 1070, 0.0000 -0.3557;
 1071, 0.0000 -0.3658;
 1072, 0.0000 -0.3759;
 1073, 0.0000 -0.3859;
 1074, 0.0000 -0.3960;
 1075, 0.0000 -0.4060;
 1076, 0.0000 -0.4161;
 1077, 0.0000 -0.4261;
 1078, 0.0000 -0.4362;
 1079, 0.0000 -0.4462;
 1080, 0.0000 -0.4563;
 1081, 0.0000 -0.4664;
 1082, 0.0000 -0.4764;
 1083, 0.0000 -0.4864;
 1084, 0.0000 -0.4965;
 1085, 0.0000 -0.5065;
 1086, 0.0000 -0.5166;
 1087, 0.0000 -0.5266;
 1088, 0.0000 -0.5367;
 1089, 0.0000 -0.5467;
 1090, 0.0000 -0.5568;
 1091, 0.0000 -0.5668;
 1092, 0.0000 -0.5768;
 1093, 0.0000 -0.5869;
 1094, 0.0000 -0.5969;
 1095, 0.0000 -0.6069;
 1096, 0.0000 -0.6170;
 1097, 0.0000 -0.6270;
 1098, 0.0000 -0.6370;
 1099, 0.0000 -0.6471;
 1100, 0.0000 -0.6571;
 1101, 0.0000 -0.6671;
 1102, 0.0000 -0.6771;
 1103, 0.0000 -0.6872;
 1104, 0.0000 -0.6972;
 1105, 0.0000 -0.7072;
 1106, 0.0000 -0.7172;
 1107, 0.0000 -0.7272;
 1108, 0.0000 -0.7372;
 1109, 0.0000 -0.7473;
 1110, 0.0000 -0.7573;
 1111, 0.0000 -0.7673;
 1112, 0.0000 -0.7773;
 1113, 0.0000 -0.7873;
 1114, 0.0000 -0.7973;
 1115, 0.0000 -0.8073;
 1116, 0.0000 -0.8173;
 1117, 0.0000 -0.8273;
 1118, 0.0000 -0.8373;
 1119, 0.0000 -0.8473;
 1120, 0.0000 -0.8573;
 1121, 0.0000 -0.8673;
 1122, 0.0000 -0.8772;
 1123, 0.0000 -0.8872;
 1124, 0.0000 -0.8972;
 1125, 0.0000 -0.9072;
 1126, 0.0000 -0.9172;
 1127, 0.0000 -0.9271;
 1128, 0.0000 -0.9371;
 1129, 0.0000 -0.9471;
 1130, 0.0000 -0.9571;
 1131, 0.0000 -0.9670;
 1132, 0.0000 -0.9770;
 1133, 0.0000 -0.9869;
 1134, 0.0000 -0.9969;
 1135, 0.0000 -1.0069;
 1136, 0.0000 -1.0168;
 1137, 0.0000 -1.0268;
 1138, 0.0000 -1.0367;
 1139, 0.0000 -1.0466;
 1140, 1.0000 0.9001;
 1141, 0.0000 0.8902;
 1142, 0.0000 0.8802;
 1143, 0.0000 0.8703;
 1144, 0.0000 0.8603;
 1145, 0.0000 0.8504;
 1146, 0.0000 0.8404;
 1147, 0.0000 0.8305;
 1148, 0.0000 0.8205;
 1149, 0.0000 0.8105;
 1150, 0.0000 0.8006;
 1151, 0.0000 0.7906;
 1152, 0.0000 0.7806;
 1153, 0.0000 0.7707;
 1154, 0.0000 0.7607;
 1155, 0.0000 0.7507;
 1156, 0.0000 0.7408;
 1157, 0.0000 0.7308;
 1158, 0.0000 0.7208;
 1159, 0.0000 0.7108;
 1160, 0.0000 0.7008;
 1161, 0.0000 0.6909;
 1162, 0.0000 0.6809;
 1163, 0.0000 0.6709;
 1164, 0.0000 0.6609;
 1165, 0.0000 0.6509;
 1166, 0.0000 0.6409;
 1167, 0.0000 0.6309;
 1168, 0.0000 0.6209;
 1169, 0.0000 0.6109;
 1170, 0.0000 0.6009;
 1171, 0.0000 0.5909;
 1172, 0.0000 0.5809;
 1173, 0.0000 0.5709;
 1174, 0.0000 0.5609;
 1175, 0.0000 0.5509;
 1176, 0.0000 0.5409;
 1177, 0.0000 0.5309;
 1178, 0.0000 0.5209;
 1179, 0.0000 0.5109;
 1180, 0.0000 0.5009;
 1181, 0.0000 0.4908;
 1182, 0.0000 0.4808;
 1183, 0.0000 0.4708;
 1184, 0.0000 0.4608;
 1185, 0.0000 0.4508;
 1186, 0.0000 0.4408;
 1187, 0.0000 0.4307;
 1188, 0.0000 0.4207;
 1189, 0.0000 0.4107;
 1190, 0.0000 0.4007;
 1191, 0.0000 0.3906;
 1192, 0.0000 0.3806;
 1193, 0.0000 0.3706;
 1194, 0.0000 0.3606;
 1195, 0.0000 0.3505;
 1196, 0.0000 0.3405;
 1197, 0.0000 0.3305;
 1198, 0.0000 0.3205;
 1199, 0.0000 0.3104;
 1200, 0.0000 0.3004;
 1201, 0.0000 0.2904;
 1202, 0.0000 0.2803;
 1203, 0.0000 0.2703;
 1204, 0.0000 0.2603;
 1205, 0.0000 0.2502;
 1206, 0.0000 0.2402;
 1207, 0.0000 0.2302;
 1208, 0.0000 0.2201;
 1209, 0.0000 0.2101;
 1210, 0.0000 0.2000;
 1211, 0.0000 0.1900;
 1212, 0.0000 0.1800;
 1213, 0.0000 0.1699;
 1214, 0.0000 0.1599;
 1215, 0.0000 0.1499;
 1216, 0.0000 0.1398;
 1217, 0.0000 0.1298;
 1218, 0.0000 0.1197;
 1219, 0.0000 0.1097;
 1220, 0.0000 0.0997;
 1221, 0.0000 0.0896;
 1222, 0.0000 0.0796;
 1223, 0.0000 0.0695;
 1224, 0.0000 0.0595;
 1225, 0.0000 0.0494;
 1226, 0.0000 0.0394;
 1227, 0.0000 0.0294;
 1228, 0.0000 0.0193;
 1229, 0.0000 0.0093;
 1230, 0.0000 -0.0008;
 1231, 0.0000 -0.0108;
 1232, 0.0000 -0.0208;
 1233, 0.0000 -0.0309;
 1234, 0.0000 -0.0409;
 1235, 0.0000 -0.0510;
 1236, 0.0000 -0.0610;
 1237, 0.0000 -0.0711;
 1238, 0.0000 -0.0811;
 1239, 0.0000 -0.0911;
 1240, 0.0000 -0.1012;
 1241, 0.0000 -0.1112;
 1242, 0.0000 -0.1213;
 1243, 0.0000 -0.1313;
 1244, 0.0000 -0.1413;
 1245, 0.0000 -0.1514;
 1246, 0.0000 -0.1614;
 1247, 0.0000 -0.1715;
 1248, 0.0000 -0.1815;
 1249, 0.0000 -0.1915;
 1250, 0.0000 -0.2016;
 1251, 0.0000 -0.2116;
 1252, 0.0000 -0.2216;
 1253, 0.0000 -0.2317;
 1254, 0.0000 -0.2417;
 1255, 0.0000 -0.2518;
 1256, 0.0000 -0.2618;
 1257, 0.0000 -0.2718;
 1258, 0.0000 -0.2819;
 1259, 0.0000 -0.2919;
 1260, 0.0000 -0.3019;
 1261, 0.0000 -0.3120;
 1262, 0.0000 -0.3220;
 1263, 0.0000 -0.3320;
 1264, 0.0000 -0.3420;
 1265, 0.0000 -0.3521;
 1266, 0.0000 -0.3621;
 1267, 0.0000 -0.3721;
 1268, 0.0000 -0.3822;
 1269, 0.0000 -0.3922;
 1270, 0.0000 -0.4022;
 1271, 0.0000 -0.4122;
 1272, 0.0000 -0.4222;
 1273, 0.0000 -0.4323;
 1274, 0.0000 -0.4423;
 1275, 0.0000 -0.4523;
 1276, 0.0000 -0.4623;
 1277, 0.0000 -0.4723;
 1278, 0.0000 -0.4824;
 1279, 0.0000 -0.4924;
 1280, 0.0000 -0.5024;
 1281, 0.0000 -0.5124;
 1282, 0.0000 -0.5224;
 1283, 0.0000 -0.5324;
 1284, 0.0000 -0.5424;
 1285, 0.0000 -0.5524;
 1286, 0.0000 -0.5624;
 1287, 0.0000 -0.5724;
 1288, 0.0000 -0.5824;
 1289, 0.0000 -0.5924;
 1290, 0.0000 -0.6024;
 1291, 0.0000 -0.6124;
 1292, 0.0000 -0.6224;
 1293, 0.0000 -0.6324;
 1294, 0.0000 -0.6424;
 1295, 0.0000 -0.6524;
 1296, 0.0000 -0.6624;
 1297, 0.0000 -0.6724;
 1298, 0.0000 -0.6824;
 1299, 0.0000 -0.6924;
 1300, 0.0000 -0.7024;
 1301, 0.0000 -0.7123;
 1302, 0.0000 -0.7223;
 1303, 0.0000 -0.7323;
 1304, 0.0000 -0.7423;
 1305, 0.0000 -0.7523;
 1306, 0.0000 -0.7622;
 1307, 0.0000 -0.7722;
 1308, 0.0000 -0.7822;
 1309, 0.0000 -0.7921;
 1310, 0.0000 -0.8021;
 1311, 0.0000 -0.8121;
 1312, 0.0000 -0.8220;
 1313, 0.0000 -0.8320;
 1314, 0.0000 -0.8419;
 1315, 0.0000 -0.8519;
 1316, 0.0000 -0.8618;
 1317, 0.0000 -0.8718;
 1318, 0.0000 -0.8817;
 1319, 0.0000 -0.8917;
 1320, 1.0000 0.7669;
 1321, 0.0000 0.7569;
 1322, 0.0000 0.7470;
 1323, 0.0000 0.7370;
 1324, 0.0000 0.7271;
 1325, 0.0000 0.7171;
 1326, 0.0000 0.7072;
 1327, 0.0000 0.6972;
 1328, 0.0000 0.6873;
 1329, 0.0000 0.6773;
 1330, 0.0000 0.6673;
 1331, 0.0000 0.6574;
 1332, 0.0000 0.6474;
 1333, 0.0000 0.6374;
 1334, 0.0000 0.6275;
 1335, 0.0000 0.6175;
 1336, 0.0000 0.6075;
 1337, 0.0000 0.5976;
 1338, 0.0000 0.5876;
 1339, 0.0000 0.5776;
 1340, 0.0000 0.5676;
 1341, 0.0000 0.5577;
 1342, 0.0000 0.5477;
 1343, 0.0000 0.5377;
 1344, 0.0000 0.5277;
 1345, 0.0000 0.5177;
 1346, 0.0000 0.5078;
 1347, 0.0000 0.4978;
 1348, 0.0000 0.4878;
 1349, 0.0000 0.4778;
 1350, 0.0000 0.4678;
 1351, 0.0000 0.4578;
 1352, 0.0000 0.4478;
 1353, 0.0000 0.4378;
 1354, 0.0000 0.4278;
 1355, 0.0000 0.4178;
 1356, 0.0000 0.4078;
 1357, 0.0000 0.3979;
 1358, 0.0000 0.3879;
 1359, 0.0000 0.3779;
 1360, 0.0000 0.3679;
 1361, 0.0000 0.3579;
 1362, 0.0000 0.3479;
 1363, 0.0000 0.3379;
 1364, 0.0000 0.3279;
 1365, 0.0000 0.3178;
 1366, 0.0000 0.3078;
 1367, 0.0000 0.2978;
 1368, 0.0000 0.2878;
 1369, 0.0000 0.2778;
 1370, 0.0000 0.2678;
 1371, 0.0000 0.2578;
 1372, 0.0000 0.2478;
 1373, 0.0000 0.2378;
 1374, 0.0000 0.2278;
 1375, 0.0000 0.2178;
 1376, 0.0000 0.2078;
 1377, 0.0000 0.1977;
 1378, 0.0000 0.1877;
 1379, 0.0000 0.1777;
 1380, 0.0000 0.1677;
 1381, 0.0000 0.1577;
 1382, 0.0000 0.1477;
 1383, 0.0000 0.1377;
 1384, 0.0000 0.1277;
 1385, 0.0000 0.1176;
 1386, 0.0000 0.1076;
 1387, 0.0000 0.0976;
 1388, 0.0000 0.0876;
 1389, 0.0000 0.0776;
 1390, 0.0000 0.0676;
 1391, 0.0000 0.0575;
 1392, 0.0000 0.0475;
 1393, 0.0000 0.0375;
 1394, 0.0000 0.0275;
 1395, 0.0000 0.0175;
 1396, 0.0000 0.0075;
 1397, 0.0000 -0.0025;
 1398, 0.0000 -0.0126;
 1399, 0.0000 -0.0226;
 1400, 0.0000 -0.0326;
 1401, 0.0000 -0.0426;
 1402, 0.0000 -0.0526;
 1403, 0.0000 -0.0626;
 1404, 0.0000 -0.0727;
 1405, 0.0000 -0.0827;
 1406, 0.0000 -0.0927;
 1407, 0.0000 -0.1027;
 1408, 0.0000 -0.1127;
 1409, 0.0000 -0.1227;
 1410, 0.0000 -0.1328;
 1411, 0.0000 -0.1428;
 1412, 0.0000 -0.1528;
 1413, 0.0000 -0.1628;
 1414, 0.0000 -0.1728;
 1415, 0.0000 -0.1828;
 1416, 0.0000 -0.1928;
 1417, 0.0000 -0.2028;
 1418, 0.0000 -0.2129;
 1419, 0.0000 -0.2229;
 1420, 0.0000 -0.2329;
 1421, 0.0000 -0.2429;
 1422, 0.0000 -0.2529;
 1423, 0.0000 -0.2629;
 1424, 0.0000 -0.2729;
 1425, 0.0000 -0.2829;
 1426, 0.0000 -0.2929;
 1427, 0.0000 -0.3029;
 1428, 0.0000 -0.3129;
 1429, 0.0000 -0.3229;
 1430, 0.0000 -0.3329;
 1431, 0.0000 -0.3429;
 1432, 0.0000 -0.3529;
 1433, 0.0000 -0.3629;
 1434, 0.0000 -0.3729;
 1435, 0.0000 -0.3829;
 1436, 0.0000 -0.3929;
 1437, 0.0000 -0.4029;
 1438, 0.0000 -0.4129;
 1439, 0.0000 -0.4229;
 1440, 0.0000 -0.4329;
 1441, 0.0000 -0.4429;
 1442, 0.0000 -0.4529;
 1443, 0.0000 -0.4629;
 1444, 0.0000 -0.4729;
 1445, 0.0000 -0.4829;
 1446, 0.0000 -0.4929;
 1447, 0.0000 -0.5029;
 1448, 0.0000 -0.5128;
 1449, 0.0000 -0.5228;
 1450, 0.0000 -0.5328;
 1451, 0.0000 -0.5428;
 1452, 0.0000 -0.5528;
 1453, 0.0000 -0.5627;
 1454, 0.0000 -0.5727;
 1455, 0.0000 -0.5827;
 1456, 0.0000 -0.5927;
 1457, 0.0000 -0.6026;
 1458, 0.0000 -0.6126;
 1459, 0.0000 -0.6226;
 1460, 0.0000 -0.6325;
 1461, 0.0000 -0.6425;
 1462, 0.0000 -0.6525;
 1463, 0.0000 -0.6624;
 1464, 0.0000 -0.6724;
 1465, 0.0000 -0.6824;
 1466, 0.0000 -0.6923;
 1467, 0.0000 -0.7023;
 1468, 0.0000 -0.7122;
 1469, 0.0000 -0.7222;
 1470, 0.0000 -0.7321;
 1471, 0.0000 -0.7421;
 1472, 0.0000 -0.7520;
 1473, 0.0000 -0.7620;
 1474, 1.0000 0.6553;
 1475, 0.0000 0.6454;
 1476, 0.0000 0.6354;
 1477, 0.0000 0.6255;
 1478, 0.0000 0.6155;
 1479, 0.0000 0.6056;
 1480, 0.0000 0.5956;
 1481, 0.0000 0.5857;
 1482, 0.0000 0.5757;
 1483, 0.0000 0.5657;
 1484, 0.0000 0.5558;
 1485, 0.0000 0.5458;
 1486, 0.0000 0.5359;
 1487, 0.0000 0.5259;
 1488, 0.0000 0.5159;
 1489, 0.0000 0.5060;
 1490, 0.0000 0.4960;
 1491, 0.0000 0.4861;
 1492, 0.0000 0.4761;
 1493, 0.0000 0.4661;
 1494, 0.0000 0.4561;
 1495, 0.0000 0.4462;
 1496, 0.0000 0.4362;
 1497, 0.0000 0.4262;
 1498, 0.0000 0.4162;
 1499, 0.0000 0.4063;
 1500, 0.0000 0.3963;
 1501, 0.0000 0.3863;
 1502, 0.0000 0.3763;
 1503, 0.0000 0.3664;
 1504, 0.0000 0.3564;
 1505, 0.0000 0.3464;
 1506, 0.0000 0.3364;
 1507, 0.0000 0.3264;
 1508, 0.0000 0.3164;
 1509, 0.0000 0.3065;
 1510, 0.0000 0.2965;
 1511, 0.0000 0.2865;
 1512, 0.0000 0.2765;
 1513, 0.0000 0.2665;
 1514, 0.0000 0.2565;
 1515, 0.0000 0.2465;
 1516, 0.0000 0.2365;
 1517, 0.0000 0.2266;
 1518, 0.0000 0.2166;
 1519, 0.0000 0.2066;
 1520, 0.0000 0.1966;
 1521, 0.0000 0.1866;
 1522, 0.0000 0.1766;
 1523, 0.0000 0.1666;
 1524, 0.0000 0.1566;
 1525, 0.0000 0.1466;
 1526, 0.0000 0.1366;
 1527, 0.0000 0.1266;
 1528, 0.0000 0.1166;
 1529, 0.0000 0.1066;
 1530, 0.0000 0.0966;
 1531, 0.0000 0.0866;
 1532, 0.0000 0.0766;
 1533, 0.0000 0.0666;
 1534, 0.0000 0.0566;
 1535, 0.0000 0.0467;
 1536, 0.0000 0.0367;
 1537, 0.0000 0.0267;
 1538, 0.0000 0.0167;
 1539, 0.0000 0.0067;
 1540, 0.0000 -0.0033;
 1541, 0.0000 -0.0133;
 1542, 0.0000 -0.0233;
 1543, 0.0000 -0.0333;
 1544, 0.0000 -0.0433;
 1545, 0.0000 -0.0533;
 1546, 0.0000 -0.0633;
 1547, 0.0000 -0.0733;
 1548, 0.0000 -0.0833;
 1549, 0.0000 -0.0933;
 1550, 0.0000 -0.1033;
 1551, 0.0000 -0.1133;
 1552, 0.0000 -0.1233;
 1553, 0.0000 -0.1333;
 1554, 0.0000 -0.1433;
 1555, 0.0000 -0.1533;
 1556, 0.0000 -0.1633;
 1557, 0.0000 -0.1733;
 1558, 0.0000 -0.1833;
 1559, 0.0000 -0.1933;
 1560, 0.0000 -0.2032;
 1561, 0.0000 -0.2132;
 1562, 0.0000 -0.2232;
 1563, 0.0000 -0.2332;
 1564, 0.0000 -0.2432;
 1565, 0.0000 -0.2532;
 1566, 0.0000 -0.2632;
 1567, 0.0000 -0.2732;
 1568, 0.0000 -0.2832;
 1569, 0.0000 -0.2931;
 1570, 0.0000 -0.3031;
 1571, 0.0000 -0.3131;
 1572, 0.0000 -0.3231;
 1573, 0.0000 -0.3331;
 1574, 0.0000 -0.3431;
 1575, 0.0000 -0.3531;
 1576, 0.0000 -0.3630;
 1577, 0.0000 -0.3730;
 1578, 0.0000 -0.3830;
 1579, 0.0000 -0.3930;
 1580, 0.0000 -0.4030;
 1581, 0.0000 -0.4129;
 1582, 0.0000 -0.4229;
 1583, 0.0000 -0.4329;
 1584, 0.0000 -0.4428;
 1585, 0.0000 -0.4528;
 1586, 0.0000 -0.4628;
 1587, 0.0000 -0.4728;
 1588, 0.0000 -0.4827;
 1589, 0.0000 -0.4927;
 1590, 0.0000 -0.5027;
 1591, 0.0000 -0.5126;
 1592, 0.0000 -0.5226;
 1593, 0.0000 -0.5326;
 1594, 0.0000 -0.5425;
 1595, 0.0000 -0.5525;
 1596, 0.0000 -0.5624;
 1597, 0.0000 -0.5724;
 1598, 0.0000 -0.5823;
 1599, 0.0000 -0.5923;
 1600, 0.0000 -0.6022;
 1601, 0.0000 -0.6122;
 1602, 0.0000 -0.6221;
 1603, 0.0000 -0.6321;
 1604, 0.0000 -0.6420;
 1605, 0.0000 -0.6520;
 1606, 1.0000 0.5607;
 1607, 0.0000 0.5508;
 1608, 0.0000 0.5408;
 1609, 0.0000 0.5309;
 1610, 0.0000 0.5209;
 1611, 0.0000 0.5110;
 1612, 0.0000 0.5010;
 1613, 0.0000 0.4911;
 1614, 0.0000 0.4811;
 1615, 0.0000 0.4712;
 1616, 0.0000 0.4612;
 1617, 0.0000 0.4513;
 1618, 0.0000 0.4413;
 1619, 0.0000 0.4313;
 1620, 0.0000 0.4214;
 1621, 0.0000 0.4114;
 1622, 0.0000 0.4015;
 1623, 0.0000 0.3915;
 1624, 0.0000 0.3815;
 1625, 0.0000 0.3716;
 1626, 0.0000 0.3616;
 1627, 0.0000 0.3516;
 1628, 0.0000 0.3417;
 1629, 0.0000 0.3317;
 1630, 0.0000 0.3217;
 1631, 0.0000 0.3118;
 1632, 0.0000 0.3018;
 1633, 0.0000 0.2918;
 1634, 0.0000 0.2818;
 1635, 0.0000 0.2719;
 1636, 0.0000 0.2619;
 1637, 0.0000 0.2519;
 1638, 0.0000 0.2419;
 1639, 0.0000 0.2320;
 1640, 0.0000 0.2220;
 1641, 0.0000 0.2120;
 1642, 0.0000 0.2020;
 1643, 0.0000 0.1921;
 1644, 0.0000 0.1821;
 1645, 0.0000 0.1721;
 1646, 0.0000 0.1621;
 1647, 0.0000 0.1521;
 1648, 0.0000 0.1422;
 1649, 0.0000 0.1322;
 1650, 0.0000 0.1222;
 1651, 0.0000 0.1122;
 1652, 0.0000 0.1022;
 1653, 0.0000 0.0923;
 1654, 0.0000 0.0823;
 1655, 0.0000 0.0723;
 1656, 0.0000 0.0623;
 1657, 0.0000 0.0523;
 1658, 0.0000 0.0424;
 1659, 0.0000 0.0324;
 1660, 0.0000 0.0224;
 1661, 0.0000 0.0124;
 1662, 0.0000 0.0024;
 1663, 0.0000 -0.0076;
 1664, 0.0000 -0.0175;
 1665, 0.0000 -0.0275;
 1666, 0.0000 -0.0375;
 1667, 0.0000 -0.0475;
 1668, 0.0000 -0.0575;
 1669, 0.0000 -0.0675;
 1670, 0.0000 -0.0774;
 1671, 0.0000 -0.0874;
 1672, 0.0000 -0.0974;
 1673, 0.0000 -0.1074;
 1674, 0.0000 -0.1174;
 1675, 0.0000 -0.1273;
 1676, 0.0000 -0.1373;
 1677, 0.0000 -0.1473;
 1678, 0.0000 -0.1573;
 1679, 0.0000 -0.1673;
 1680, 0.0000 -0.1772;
 1681, 0.0000 -0.1872;
 1682, 0.0000 -0.1972;
 1683, 0.0000 -0.2072;
 1684, 0.0000 -0.2172;
 1685, 0.0000 -0.2271;
 1686, 0.0000 -0.2371;
 1687, 0.0000 -0.2471;
 1688, 0.0000 -0.2571;
 1689, 0.0000 -0.2670;
 1690, 0.0000 -0.2770;
 1691, 0.0000 -0.2870;
 1692, 0.0000 -0.2970;
 1693, 0.0000 -0.3069;
 1694, 0.0000 -0.3169;
 1695, 0.0000 -0.3269;
 1696, 0.0000 -0.3368;
 1697, 0.0000 -0.3468;
 1698, 0.0000 -0.3568;
 1699, 0.0000 -0.3667;
 1700, 0.0000 -0.3767;
 1701, 0.0000 -0.3867;
 1702, 0.0000 -0.3966;
 1703, 0.0000 -0.4066;
 1704, 0.0000 -0.4166;
 1705, 0.0000 -0.4265;
 1706, 0.0000 -0.4365;
 1707, 0.0000 -0.4464;
 1708, 0.0000 -0.4564;
 1709, 0.0000 -0.4663;
 1710, 0.0000 -0.4763;
 1711, 0.0000 -0.4863;
 1712, 0.0000 -0.4962;
 1713, 0.0000 -0.5062;
 1714, 0.0000 -0.5161;
 1715, 0.0000 -0.5261;
 1716, 0.0000 -0.5360;
 1717, 0.0000 -0.5459;
 1718, 0.0000 -0.5559;
 1719, 1.0000 0.4781;
 1720, 0.0000 0.4681;
 1721, 0.0000 0.4582;
 1722, 0.0000 0.4482;
 1723, 0.0000 0.4383;
 1724, 0.0000 0.4283;
 1725, 0.0000 0.4184;
 1726, 0.0000 0.4084;
 1727, 0.0000 0.3985;
 1728, 0.0000 0.3885;
 1729, 0.0000 0.3786;
 1730, 0.0000 0.3686;
 1731, 0.0000 0.3587;
 1732, 0.0000 0.3487;
 1733, 0.0000 0.3388;
 1734, 0.0000 0.3288;
 1735, 0.0000 0.3188;
 1736, 0.0000 0.3089;
 1737, 0.0000 0.2989;
 1738, 0.0000 0.2890;
 1739, 0.0000 0.2790;
 1740, 0.0000 0.2690;
 1741, 0.0000 0.2591;
 1742, 0.0000 0.2491;
 1743, 0.0000 0.2392;
 1744, 0.0000 0.2292;
 1745, 0.0000 0.2192;
 1746, 0.0000 0.2093;
 1747, 0.0000 0.1993;
 1748, 0.0000 0.1893;
 1749, 0.0000 0.1794;
 1750, 0.0000 0.1694;
 1751, 0.0000 0.1594;
 1752, 0.0000 0.1494;
 1753, 0.0000 0.1395;
 1754, 0.0000 0.1295;
 1755, 0.0000 0.1195;
 1756, 0.0000 0.1096;
 1757, 0.0000 0.0996;
 1758, 0.0000 0.0896;
 1759, 0.0000 0.0797;
 1760, 0.0000 0.0697;
 1761, 0.0000 0.0597;
 1762, 0.0000 0.0497;
 1763, 0.0000 0.0398;
 1764, 0.0000 0.0298;
 1765, 0.0000 0.0198;
 1766, 0.0000 0.0099;
 1767, 0.0000 -0.0001;
 1768, 0.0000 -0.0101;
 1769, 0.0000 -0.0201;
 1770, 0.0000 -0.0300;
 1771, 0.0000 -0.0400;
 1772, 0.0000 -0.0500;
 1773, 0.0000 -0.0600;
 1774, 0.0000 -0.0699;
 1775, 0.0000 -0.0799;
 1776, 0.0000 -0.0899;
 1777, 0.0000 -0.0998;
 1778, 0.0000 -0.1098;
 1779, 0.0000 -0.1198;
 1780, 0.0000 -0.1297;
 1781, 0.0000 -0.1397;
 1782, 0.0000 -0.1497;
 1783, 0.0000 -0.1597;
 1784, 0.0000 -0.1696;
 1785, 0.0000 -0.1796;
 1786, 0.0000 -0.1896;
 1787, 0.0000 -0.1995;
 1788, 0.0000 -0.2095;
 1789, 0.0000 -0.2195;
 1790, 0.0000 -0.2294;
 1791, 0.0000 -0.2394;
 1792, 0.0000 -0.2494;
 1793, 0.0000 -0.2593;
 1794, 0.0000 -0.2693;
 1795, 0.0000 -0.2792;
 1796, 0.0000 -0.2892;
 1797, 0.0000 -0.2992;
 1798, 0.0000 -0.3091;
 1799, 0.0000 -0.3191;
 1800, 0.0000 -0.3290;
 1801, 0.0000 -0.3390;
 1802, 0.0000 -0.3490;
 1803, 0.0000 -0.3589;
 1804, 0.0000 -0.3689;
 1805, 0.0000 -0.3788;
 1806, 0.0000 -0.3888;
 1807, 0.0000 -0.3987;
 1808, 0.0000 -0.4087;
 1809, 0.0000 -0.4186;
 1810, 0.0000 -0.4286;
 1811, 0.0000 -0.4385;
 1812, 0.0000 -0.4485;
 1813, 0.0000 -0.4584;
 1814, 0.0000 -0.4684;
 1815, 1.0000 0.4028;
 1816, 0.0000 0.3928;
 1817, 0.0000 0.3829;
 1818, 0.0000 0.3730;
 1819, 0.0000 0.3630;
 1820, 0.0000 0.3531;
 1821, 0.0000 0.3431;
 1822, 0.0000 0.3332;
 1823, 0.0000 0.3232;
 1824, 0.0000 0.3133;
 1825, 0.0000 0.3033;
 1826, 0.0000 0.2934;
 1827, 0.0000 0.2834;
 1828, 0.0000 0.2735;
 1829, 0.0000 0.2635;
 1830, 0.0000 0.2536;
 1831, 0.0000 0.2436;
 1832, 0.0000 0.2336;
 1833, 0.0000 0.2237;
 1834, 0.0000 0.2137;
 1835, 0.0000 0.2038;
 1836, 0.0000 0.1938;
 1837, 0.0000 0.1839;
 1838, 0.0000 0.1739;
 1839, 0.0000 0.1639;
 1840, 0.0000 0.1540;
 1841, 0.0000 0.1440;
 1842, 0.0000 0.1340;
 1843, 0.0000 0.1241;
 1844, 0.0000 0.1141;
 1845, 0.0000 0.1042;
 1846, 0.0000 0.0942;
 1847, 0.0000 0.0842;
 1848, 0.0000 0.0743;
 1849, 0.0000 0.0643;
 1850, 0.0000 0.0544;
 1851, 0.0000 0.0444;
 1852, 0.0000 0.0344;
 1853, 0.0000 0.0245;
 1854, 0.0000 0.0145;
 1855, 0.0000 0.0045;
 1856, 0.0000 -0.0054;
 1857, 0.0000 -0.0154;
 1858, 0.0000 -0.0254;
 1859, 0.0000 -0.0353;
 1860, 0.0000 -0.0453;
 1861, 0.0000 -0.0552;
 1862, 0.0000 -0.0652;
 1863, 0.0000 -0.0752;
 1864, 0.0000 -0.0851;
 1865, 0.0000 -0.0951;
 1866, 0.0000 -0.1051;
 1867, 0.0000 -0.1150;
 1868, 0.0000 -0.1250;
 1869, 0.0000 -0.1349;
 1870, 0.0000 -0.1449;
 1871, 0.0000 -0.1549;
 1872, 0.0000 -0.1648;
 1873, 0.0000 -0.1748;
 1874, 0.0000 -0.1847;
 1875, 0.0000 -0.1947;
 1876, 0.0000 -0.2047;
 1877, 0.0000 -0.2146;
 1878, 0.0000 -0.2246;
 1879, 0.0000 -0.2345;
 1880, 0.0000 -0.2445;
 1881, 0.0000 -0.2544;
 1882, 0.0000 -0.2644;
 1883, 0.0000 -0.2744;
 1884, 0.0000 -0.2843;
 1885, 0.0000 -0.2943;
 1886, 0.0000 -0.3042;
 1887, 0.0000 -0.3142;
 1888, 0.0000 -0.3241;
 1889, 0.0000 -0.3341;
 1890, 0.0000 -0.3440;
 1891, 0.0000 -0.3540;
 1892, 0.0000 -0.3639;
 1893, 0.0000 -0.3738;
 1894, 0.0000 -0.3838;
 1895, 0.0000 -0.3937;
 1896, 1.0000 0.3386;
 1897, 0.0000 0.3287;
 1898, 0.0000 0.3187;
 1899, 0.0000 0.3088;
 1900, 0.0000 0.2988;
 1901, 0.0000 0.2889;
 1902, 0.0000 0.2789;
 1903, 0.0000 0.2690;
 1904, 0.0000 0.2590;
 1905, 0.0000 0.2491;
 1906, 0.0000 0.2392;
 1907, 0.0000 0.2292;
 1908, 0.0000 0.2192;
 1909, 0.0000 0.2093;
 1910, 0.0000 0.1993;
 1911, 0.0000 0.1894;
 1912, 0.0000 0.1794;
 1913, 0.0000 0.1695;
 1914, 0.0000 0.1595;
 1915, 0.0000 0.1496;
 1916, 0.0000 0.1396;
 1917, 0.0000 0.1297;
 1918, 0.0000 0.1197;
 1919, 0.0000 0.1098;
 1920, 0.0000 0.0998;
 1921, 0.0000 0.0898;
 1922, 0.0000 0.0799;
 1923, 0.0000 0.0699;
 1924, 0.0000 0.0600;
 1925, 0.0000 0.0500;
 1926, 0.0000 0.0401;
 1927, 0.0000 0.0301;
 1928, 0.0000 0.0202;
 1929, 0.0000 0.0102;
 1930, 0.0000 0.0002;
 1931, 0.0000 -0.0097;
 1932, 0.0000 -0.0197;
 1933, 0.0000 -0.0296;
 1934, 0.0000 -0.0396;
 1935, 0.0000 -0.0495;
 1936, 0.0000 -0.0595;
 1937, 0.0000 -0.0695;
 1938, 0.0000 -0.0794;
 1939, 0.0000 -0.0894;
 1940, 0.0000 -0.0993;
 1941, 0.0000 -0.1093;
 1942, 0.0000 -0.1192;
 1943, 0.0000 -0.1292;
 1944, 0.0000 -0.1392;
 1945, 0.0000 -0.1491;
 1946, 0.0000 -0.1591;
 1947, 0.0000 -0.1690;
 1948, 0.0000 -0.1790;
 1949, 0.0000 -0.1889;
 1950, 0.0000 -0.1989;
 1951, 0.0000 -0.2088;
 1952, 0.0000 -0.2188;
 1953, 0.0000 -0.2287;
 1954, 0.0000 -0.2387;
 1955, 0.0000 -0.2486;
 1956, 0.0000 -0.2586;
 1957, 0.0000 -0.2685;
 1958, 0.0000 -0.2785;
 1959, 0.0000 -0.2884;
 1960, 0.0000 -0.2984;
 1961, 0.0000 -0.3083;
 1962, 0.0000 -0.3183;
 1963, 0.0000 -0.3282;
 1964, 0.0000 -0.3381;
 1965, 1.0000 0.2908;
 1966, 0.0000 0.2809;
 1967, 0.0000 0.2709;
 1968, 0.0000 0.2610;
 1969, 0.0000 0.2510;
 1970, 0.0000 0.2411;
 1971, 0.0000 0.2311;
 1972, 0.0000 0.2212;
 1973, 0.0000 0.2112;
 1974, 0.0000 0.2013;
 1975, 0.0000 0.1913;
 1976, 0.0000 0.1814;
 1977, 0.0000 0.1714;
 1978, 0.0000 0.1615;
 1979, 0.0000 0.1515;
 1980, 0.0000 0.1416;
 1981, 0.0000 0.1316;
 1982, 0.0000 0.1217;
 1983, 0.0000 0.1117;
 1984, 0.0000 0.1018;
 1985, 0.0000 0.0918;
 1986, 0.0000 0.0819;
 1987, 0.0000 0.0719;
 1988, 0.0000 0.0620;
 1989, 0.0000 0.0520;
 1990, 0.0000 0.0421;
 1991, 0.0000 0.0321;
 1992, 0.0000 0.0222;
 1993, 0.0000 0.0122;
 1994, 0.0000 0.0023;
 1995, 0.0000 -0.0077;
 1996, 0.0000 -0.0176;
 1997, 0.0000 -0.0276;
 1998, 0.0000 -0.0376;
 1999, 0.0000 -0.0475;
 2000, 0.0000 -0.0575;
 2001, 0.0000 -0.0674;
 2002, 0.0000 -0.0774;
 2003, 0.0000 -0.0873;
 2004, 0.0000 -0.0973;
 2005, 0.0000 -0.1072;
 2006, 0.0000 -0.1172;
 2007, 0.0000 -0.1271;
 2008, 0.0000 -0.1371;
 2009, 0.0000 -0.1470;
 2010, 0.0000 -0.1570;
 2011, 0.0000 -0.1669;
 2012, 0.0000 -0.1769;
 2013, 0.0000 -0.1868;
 2014, 0.0000 -0.1968;
 2015, 0.0000 -0.2067;
 2016, 0.0000 -0.2167;
 2017, 0.0000 -0.2266;
 2018, 0.0000 -0.2366;
 2019, 0.0000 -0.2465;
 2020, 0.0000 -0.2564;
 2021, 0.0000 -0.2664;
 2022, 0.0000 -0.2763;
 2023, 0.0000 -0.2863;
 2024, 1.0000 0.2462;
 2025, 0.0000 0.2363;
 2026, 0.0000 0.2263;
 2027, 0.0000 0.2164;
 2028, 0.0000 0.2064;
 2029, 0.0000 0.1965;
 2030, 0.0000 0.1865;
 2031, 0.0000 0.1766;
 2032, 0.0000 0.1666;
 2033, 0.0000 0.1567;
 2034, 0.0000 0.1468;
 2035, 0.0000 0.1368;
 2036, 0.0000 0.1269;
 2037, 0.0000 0.1169;
 2038, 0.0000 0.1070;
 2039, 0.0000 0.0970;
 2040, 0.0000 0.0871;
 2041, 0.0000 0.0771;
 2042, 0.0000 0.0672;
 2043, 0.0000 0.0572;
 2044, 0.0000 0.0473;
 2045, 0.0000 0.0373;
 2046, 0.0000 0.0274;
 2047, 0.0000 0.0174;
 2048, 0.0000 0.0075;
 2049, 0.0000 -0.0025;
 2050, 0.0000 -0.0124;
 2051, 0.0000 -0.0224;
 2052, 0.0000 -0.0323;
 2053, 0.0000 -0.0423;
 2054, 0.0000 -0.0522;
 2055, 0.0000 -0.0622;
 2056, 0.0000 -0.0721;
 2057, 0.0000 -0.0821;
 2058, 0.0000 -0.0920;
 2059, 0.0000 -0.1020;
 2060, 0.0000 -0.1119;
 2061, 0.0000 -0.1219;
 2062, 0.0000 -0.1318;
 2063, 0.0000 -0.1418;
 2064, 0.0000 -0.1517;
 2065, 0.0000 -0.1617;
 2066, 0.0000 -0.1716;
 2067, 0.0000 -0.1816;
 2068, 0.0000 -0.1915;
 2069, 0.0000 -0.2015;
 2070, 0.0000 -0.2114;
 2071, 0.0000 -0.2213;
 2072, 0.0000 -0.2313;
 2073, 0.0000 -0.2412;
 2074, 1.0000 0.2075;
 2075, 0.0000 0.1975;
 2076, 0.0000 0.1876;
 2077, 0.0000 0.1776;
 2078, 0.0000 0.1677;
 2079, 0.0000 0.1577;
 2080, 0.0000 0.1478;
 2081, 0.0000 0.1378;
 2082, 0.0000 0.1279;
 2083, 0.0000 0.1180;
 2084, 0.0000 0.1080;
 2085, 0.0000 0.0981;
 2086, 0.0000 0.0881;
 2087, 0.0000 0.0782;
 2088, 0.0000 0.0682;
 2089, 0.0000 0.0583;
 2090, 0.0000 0.0483;
 2091, 0.0000 0.0384;
 2092, 0.0000 0.0284;
 2093, 0.0000 0.0185;
 2094, 0.0000 0.0085;
 2095, 0.0000 -0.0014;
 2096, 0.0000 -0.0114;
 2097, 0.0000 -0.0213;
 2098, 0.0000 -0.0313;
 2099, 0.0000 -0.0412;
 2100, 0.0000 -0.0511;
 2101, 0.0000 -0.0611;
 2102, 0.0000 -0.0710;
 2103, 0.0000 -0.0810;
 2104, 0.0000 -0.0909;
 2105, 0.0000 -0.1009;
 2106, 0.0000 -0.1108;
 2107, 0.0000 -0.1208;
 2108, 0.0000 -0.1307;
 2109, 0.0000 -0.1407;
 2110, 0.0000 -0.1506;
 2111, 0.0000 -0.1606;
 2112, 0.0000 -0.1705;
 2113, 0.0000 -0.1804;
 2114, 0.0000 -0.1904;
 2115, 0.0000 -0.2003;
 2116, 1.0000 0.1723;
 2117, 0.0000 0.1623;
 2118, 0.0000 0.1524;
 2119, 0.0000 0.1425;
 2120, 0.0000 0.1325;
 2121, 0.0000 0.1226;
 2122, 0.0000 0.1126;
 2123, 0.0000 0.1027;
 2124, 0.0000 0.0927;
 2125, 0.0000 0.0828;
 2126, 0.0000 0.0728;
 2127, 0.0000 0.0629;
 2128, 0.0000 0.0530;
 2129, 0.0000 0.0430;
 2130, 0.0000 0.0331;
 2131, 0.0000 0.0231;
 2132, 0.0000 0.0132;
 2133, 0.0000 0.0032;
 2134, 0.0000 -0.0067;
 2135, 0.0000 -0.0167;
 2136, 0.0000 -0.0266;
 2137, 0.0000 -0.0366;
 2138, 0.0000 -0.0465;
 2139, 0.0000 -0.0565;
 2140, 0.0000 -0.0664;
 2141, 0.0000 -0.0763;
 2142, 0.0000 -0.0863;
 2143, 0.0000 -0.0962;
 2144, 0.0000 -0.1062;
 2145, 0.0000 -0.1161;
 2146, 0.0000 -0.1261;
 2147, 0.0000 -0.1360;
 2148, 0.0000 -0.1460;
 2149, 0.0000 -0.1559;
 2150, 0.0000 -0.1658;
 2151, 1.0000 0.1426;
 2152, 0.0000 0.1327;
 2153, 0.0000 0.1227;
 2154, 0.0000 0.1128;
 2155, 0.0000 0.1029;
 2156, 0.0000 0.0929;
 2157, 0.0000 0.0830;
 2158, 0.0000 0.0730;
 2159, 0.0000 0.0631;
 2160, 0.0000 0.0531;
 2161, 0.0000 0.0432;
 2162, 0.0000 0.0332;
 2163, 0.0000 0.0233;
 2164, 0.0000 0.0134;
 2165, 0.0000 0.0034;
 2166, 0.0000 -0.0065;
 2167, 0.0000 -0.0165;
 2168, 0.0000 -0.0264;
 2169, 0.0000 -0.0364;
 2170, 0.0000 -0.0463;
 2171, 0.0000 -0.0563;
 2172, 0.0000 -0.0662;
 2173, 0.0000 -0.0761;
 2174, 0.0000 -0.0861;
 2175, 0.0000 -0.0960;
 2176, 0.0000 -0.1060;
 2177, 0.0000 -0.1159;
 2178, 0.0000 -0.1259;
 2179, 0.0000 -0.1358;
 2180, 1.0000 0.1168;
 2181, 0.0000 0.1069;
 2182, 0.0000 0.0969;
 2183, 0.0000 0.0870;
 2184, 0.0000 0.0770;
 2185, 0.0000 0.0671;
 2186, 0.0000 0.0571;
 2187, 0.0000 0.0472;
 2188, 0.0000 0.0373;
 2189, 0.0000 0.0273;
 2190, 0.0000 0.0174;
 2191, 0.0000 0.0074;
 2192, 0.0000 -0.0025;
 2193, 0.0000 -0.0125;
 2194, 0.0000 -0.0224;
 2195, 0.0000 -0.0324;
 2196, 0.0000 -0.0423;
 2197, 0.0000 -0.0522;
 2198, 0.0000 -0.0622;
 2199, 0.0000 -0.0721;
 2200, 0.0000 -0.0821;
 2201, 0.0000 -0.0920;
 2202, 0.0000 -0.1020;
 2203, 0.0000 -0.1119;
 2204, 1.0000 0.0962;
 2205, 0.0000 0.0863;
 2206, 0.0000 0.0764;
 2207, 0.0000 0.0664;
 2208, 0.0000 0.0565;
 2209, 0.0000 0.0465;
 2210, 0.0000 0.0366;
 2211, 0.0000 0.0266;
 2212, 0.0000 0.0167;
 2213, 0.0000 0.0067;
 2214, 0.0000 -0.0032;
 2215, 0.0000 -0.0131;
 2216, 0.0000 -0.0231;
 2217, 0.0000 -0.0330;
 2218, 0.0000 -0.0430;
 2219, 0.0000 -0.0529;
 2220, 0.0000 -0.0629;
 2221, 0.0000 -0.0728;
 2222, 0.0000 -0.0827;
 2223, 0.0000 -0.0927;
 2224, 1.0000 0.0797;
 2225, 0.0000 0.0698;
 2226, 0.0000 0.0598;
 2227, 0.0000 0.0499;
 2228, 0.0000 0.0399;
 2229, 0.0000 0.0300;
 2230, 0.0000 0.0200;
 2231, 0.0000 0.0101;
 2232, 0.0000 0.0002;
 2233, 0.0000 -0.0098;
 2234, 0.0000 -0.0197;
 2235, 0.0000 -0.0297;
 2236, 0.0000 -0.0396;
 2237, 0.0000 -0.0495;
 2238, 0.0000 -0.0595;
 2239, 0.0000 -0.0694;
 2240, 0.0000 -0.0794;
 2241, 1.0000 0.0683;
 2242, 0.0000 0.0583;
 2243, 0.0000 0.0484;
 2244, 0.0000 0.0384;
 2245, 0.0000 0.0285;
 2246, 0.0000 0.0186;
 2247, 0.0000 0.0086;
 2248, 0.0000 -0.0013;
 2249, 0.0000 -0.0113;
 2250, 0.0000 -0.0212;
 2251, 0.0000 -0.0312;
 2252, 0.0000 -0.0411;
 2253, 0.0000 -0.0510;
 2254, 0.0000 -0.0610;
 2255, 1.0000 0.0524;
 2256, 0.0000 0.0425;
 2257, 0.0000 0.0326;
 2258, 0.0000 0.0226;
 2259, 0.0000 0.0127;
 2260, 0.0000 0.0027;
 2261, 0.0000 -0.0072;
 2262, 0.0000 -0.0171;
 2263, 0.0000 -0.0271;
 2264, 0.0000 -0.0370;
 2265, 0.0000 -0.0470;
 2266, 1.0000 0.0404;
 2267, 0.0000 0.0305;
 2268, 0.0000 0.0205;
 2269, 0.0000 0.0106;
 2270, 0.0000 0.0006;
 2271, 0.0000 -0.0093;
 2272, 0.0000 -0.0193;
 2273, 0.0000 -0.0292;
 2274, 0.0000 -0.0391;
 2275, 1.0000 0.0337;
 2276, 0.0000 0.0237;
 2277, 0.0000 0.0138;
 2278, 0.0000 0.0038;
 2279, 0.0000 -0.0061;
 2280, 0.0000 -0.0160;
 2281, 0.0000 -0.0260;
 2282, 1.0000 0.0224;
 2283, 0.0000 0.0124;
 2284, 0.0000 0.0025;
 2285, 0.0000 -0.0075;
 2286, 0.0000 -0.0174;
 2287, 1.0000 0.0150;
 2288, 0.0000 0.0050;
 2289, 0.0000 -0.0049;
 2290, 0.0000 -0.0148;
 2291, 1.0000 0.0128;
 2292, 0.0000 0.0028;
 2293, 0.0000 -0.0071;
 2294, 1.0000 0.0061;
